0	86.6025	100	86.6025	1
0	259.808	100	259.808	2
0	433.01300000000003	100	433.01300000000003	3
0	606.2180000000001	100	606.2180000000001	4
0	779.423	100	779.423	5
0	952.628	100	952.628	6
0	1125.83	100	1125.83	7
0	1299.04	100	1299.04	8
0	1472.24	100	1472.24	9
0	1645.45	100	1645.45	10
0	1818.65	100	1818.65	11
100	86.6025	150	173.205	12
100	259.808	150	346.41	13
100	433.01300000000003	150	519.615	14
100	606.2180000000001	150	692.82	15
100	779.423	150	866.025	16
100	952.628	150	1039.23	17
100	1125.83	150	1212.44	18
100	1299.04	150	1385.64	19
100	1472.24	150	1558.85	20
100	1645.45	150	1732.05	21
100	259.808	150	173.205	22
100	433.01300000000003	150	346.41	23
100	606.2180000000001	150	519.615	24
100	779.423	150	692.82	25
100	952.628	150	866.025	26
100	1125.83	150	1039.23	27
100	1299.04	150	1212.44	28
100	1472.24	150	1385.64	29
100	1645.45	150	1558.85	30
100	1818.65	150	1732.05	31
150	173.205	250	173.205	32
150	346.41	250	346.41	33
150	519.615	250	519.615	34
150	692.82	250	692.82	35
150	866.025	250	866.025	36
150	1039.23	250	1039.23	37
150	1212.44	250	1212.44	38
150	1385.64	250	1385.64	39
150	1558.85	250	1558.85	40
150	1732.05	250	1732.05	41
250	173.205	300	86.6025	42
250	346.41	300	259.808	43
250	519.615	300	433.01300000000003	44
250	692.82	300	606.2180000000001	45
250	866.025	300	779.423	46
250	1039.23	300	952.628	47
250	1212.44	300	1125.83	48
250	1385.64	300	1299.04	49
250	1558.85	300	1472.24	50
250	1732.05	300	1645.45	51
250	173.205	300	259.808	52
250	346.41	300	433.01300000000003	53
250	519.615	300	606.2180000000001	54
250	692.82	300	779.423	55
250	866.025	300	952.628	56
250	1039.23	300	1125.83	57
250	1212.44	300	1299.04	58
250	1385.64	300	1472.24	59
250	1558.85	300	1645.45	60
250	1732.05	300	1818.65	61
300	86.6025	400	86.6025	62
300	259.808	400	259.808	63
300	433.01300000000003	400	433.01300000000003	64
300	606.2180000000001	400	606.2180000000001	65
300	779.423	400	779.423	66
300	952.628	400	952.628	67
300	1125.83	400	1125.83	68
300	1299.04	400	1299.04	69
300	1472.24	400	1472.24	70
300	1645.45	400	1645.45	71
300	1818.65	400	1818.65	72
400	86.6025	450	173.205	73
400	259.808	450	346.41	74
400	433.01300000000003	450	519.615	75
400	606.2180000000001	450	692.82	76
400	779.423	450	866.025	77
400	952.628	450	1039.23	78
400	1125.83	450	1212.44	79
400	1299.04	450	1385.64	80
400	1472.24	450	1558.85	81
400	1645.45	450	1732.05	82
400	259.808	450	173.205	83
400	433.01300000000003	450	346.41	84
400	606.2180000000001	450	519.615	85
400	779.423	450	692.82	86
400	952.628	450	866.025	87
400	1125.83	450	1039.23	88
400	1299.04	450	1212.44	89
400	1472.24	450	1385.64	90
400	1645.45	450	1558.85	91
400	1818.65	450	1732.05	92
450	173.205	550	173.205	93
450	346.41	550	346.41	94
450	519.615	550	519.615	95
450	692.82	550	692.82	96
450	866.025	550	866.025	97
450	1039.23	550	1039.23	98
450	1212.44	550	1212.44	99
450	1385.64	550	1385.64	100
450	1558.85	550	1558.85	101
450	1732.05	550	1732.05	102
550	173.205	600	86.6025	103
550	346.41	600	259.808	104
550	519.615	600	433.01300000000003	105
550	692.82	600	606.2180000000001	106
550	866.025	600	779.423	107
550	1039.23	600	952.628	108
550	1212.44	600	1125.83	109
550	1385.64	600	1299.04	110
550	1558.85	600	1472.24	111
550	1732.05	600	1645.45	112
550	173.205	600	259.808	113
550	346.41	600	433.01300000000003	114
550	519.615	600	606.2180000000001	115
550	692.82	600	779.423	116
550	866.025	600	952.628	117
550	1039.23	600	1125.83	118
550	1212.44	600	1299.04	119
550	1385.64	600	1472.24	120
550	1558.85	600	1645.45	121
550	1732.05	600	1818.65	122
600	86.6025	700	86.6025	123
600	259.808	700	259.808	124
600	433.01300000000003	700	433.01300000000003	125
600	606.2180000000001	700	606.2180000000001	126
600	779.423	700	779.423	127
600	952.628	700	952.628	128
600	1125.83	700	1125.83	129
600	1299.04	700	1299.04	130
600	1472.24	700	1472.24	131
600	1645.45	700	1645.45	132
600	1818.65	700	1818.65	133
700	86.6025	750	173.205	134
700	259.808	750	346.41	135
700	433.01300000000003	750	519.615	136
700	606.2180000000001	750	692.82	137
700	779.423	750	866.025	138
700	952.628	750	1039.23	139
700	1125.83	750	1212.44	140
700	1299.04	750	1385.64	141
700	1472.24	750	1558.85	142
700	1645.45	750	1732.05	143
700	259.808	750	173.205	144
700	433.01300000000003	750	346.41	145
700	606.2180000000001	750	519.615	146
700	779.423	750	692.82	147
700	952.628	750	866.025	148
700	1125.83	750	1039.23	149
700	1299.04	750	1212.44	150
700	1472.24	750	1385.64	151
700	1645.45	750	1558.85	152
700	1818.65	750	1732.05	153
750	173.205	850	173.205	154
750	346.41	850	346.41	155
750	519.615	850	519.615	156
750	692.82	850	692.82	157
750	866.025	850	866.025	158
750	1039.23	850	1039.23	159
750	1212.44	850	1212.44	160
750	1385.64	850	1385.64	161
750	1558.85	850	1558.85	162
750	1732.05	850	1732.05	163
850	173.205	900	86.6025	164
850	346.41	900	259.808	165
850	519.615	900	433.01300000000003	166
850	692.82	900	606.2180000000001	167
850	866.025	900	779.423	168
850	1039.23	900	952.628	169
850	1212.44	900	1125.83	170
850	1385.64	900	1299.04	171
850	1558.85	900	1472.24	172
850	1732.05	900	1645.45	173
850	173.205	900	259.808	174
850	346.41	900	433.01300000000003	175
850	519.615	900	606.2180000000001	176
850	692.82	900	779.423	177
850	866.025	900	952.628	178
850	1039.23	900	1125.83	179
850	1212.44	900	1299.04	180
850	1385.64	900	1472.24	181
850	1558.85	900	1645.45	182
850	1732.05	900	1818.65	183
900	86.6025	1000	86.6025	184
900	259.808	1000	259.808	185
900	433.01300000000003	1000	433.01300000000003	186
900	606.2180000000001	1000	606.2180000000001	187
900	779.423	1000	779.423	188
900	952.628	1000	952.628	189
900	1125.83	1000	1125.83	190
900	1299.04	1000	1299.04	191
900	1472.24	1000	1472.24	192
900	1645.45	1000	1645.45	193
900	1818.65	1000	1818.65	194
1000	86.6025	1050	173.205	195
1000	259.808	1050	346.41	196
1000	433.01300000000003	1050	519.615	197
1000	606.2180000000001	1050	692.82	198
1000	779.423	1050	866.025	199
1000	952.628	1050	1039.23	200
1000	1125.83	1050	1212.44	201
1000	1299.04	1050	1385.64	202
1000	1472.24	1050	1558.85	203
1000	1645.45	1050	1732.05	204
1000	259.808	1050	173.205	205
1000	433.01300000000003	1050	346.41	206
1000	606.2180000000001	1050	519.615	207
1000	779.423	1050	692.82	208
1000	952.628	1050	866.025	209
1000	1125.83	1050	1039.23	210
1000	1299.04	1050	1212.44	211
1000	1472.24	1050	1385.64	212
1000	1645.45	1050	1558.85	213
1000	1818.65	1050	1732.05	214
1050	173.205	1150	173.205	215
1050	346.41	1150	346.41	216
1050	519.615	1150	519.615	217
1050	692.82	1150	692.82	218
1050	866.025	1150	866.025	219
1050	1039.23	1150	1039.23	220
1050	1212.44	1150	1212.44	221
1050	1385.64	1150	1385.64	222
1050	1558.85	1150	1558.85	223
1050	1732.05	1150	1732.05	224
1150	173.205	1200	86.6025	225
1150	346.41	1200	259.808	226
1150	519.615	1200	433.01300000000003	227
1150	692.82	1200	606.2180000000001	228
1150	866.025	1200	779.423	229
1150	1039.23	1200	952.628	230
1150	1212.44	1200	1125.83	231
1150	1385.64	1200	1299.04	232
1150	1558.85	1200	1472.24	233
1150	1732.05	1200	1645.45	234
1150	173.205	1200	259.808	235
1150	346.41	1200	433.01300000000003	236
1150	519.615	1200	606.2180000000001	237
1150	692.82	1200	779.423	238
1150	866.025	1200	952.628	239
1150	1039.23	1200	1125.83	240
1150	1212.44	1200	1299.04	241
1150	1385.64	1200	1472.24	242
1150	1558.85	1200	1645.45	243
1150	1732.05	1200	1818.65	244
1200	86.6025	1300	86.6025	245
1200	259.808	1300	259.808	246
1200	433.01300000000003	1300	433.01300000000003	247
1200	606.2180000000001	1300	606.2180000000001	248
1200	779.423	1300	779.423	249
1200	952.628	1300	952.628	250
1200	1125.83	1300	1125.83	251
1200	1299.04	1300	1299.04	252
1200	1472.24	1300	1472.24	253
1200	1645.45	1300	1645.45	254
1200	1818.65	1300	1818.65	255
1300	86.6025	1350	173.205	256
1300	259.808	1350	346.41	257
1300	433.01300000000003	1350	519.615	258
1300	606.2180000000001	1350	692.82	259
1300	779.423	1350	866.025	260
1300	952.628	1350	1039.23	261
1300	1125.83	1350	1212.44	262
1300	1299.04	1350	1385.64	263
1300	1472.24	1350	1558.85	264
1300	1645.45	1350	1732.05	265
1300	259.808	1350	173.205	266
1300	433.01300000000003	1350	346.41	267
1300	606.2180000000001	1350	519.615	268
1300	779.423	1350	692.82	269
1300	952.628	1350	866.025	270
1300	1125.83	1350	1039.23	271
1300	1299.04	1350	1212.44	272
1300	1472.24	1350	1385.64	273
1300	1645.45	1350	1558.85	274
1300	1818.65	1350	1732.05	275
1350	173.205	1450	173.205	276
1350	346.41	1450	346.41	277
1350	519.615	1450	519.615	278
1350	692.82	1450	692.82	279
1350	866.025	1450	866.025	280
1350	1039.23	1450	1039.23	281
1350	1212.44	1450	1212.44	282
1350	1385.64	1450	1385.64	283
1350	1558.85	1450	1558.85	284
1350	1732.05	1450	1732.05	285
1450	173.205	1500	86.6025	286
1450	346.41	1500	259.808	287
1450	519.615	1500	433.01300000000003	288
1450	692.82	1500	606.2180000000001	289
1450	866.025	1500	779.423	290
1450	1039.23	1500	952.628	291
1450	1212.44	1500	1125.83	292
1450	1385.64	1500	1299.04	293
1450	1558.85	1500	1472.24	294
1450	1732.05	1500	1645.45	295
1450	173.205	1500	259.808	296
1450	346.41	1500	433.01300000000003	297
1450	519.615	1500	606.2180000000001	298
1450	692.82	1500	779.423	299
1450	866.025	1500	952.628	300
1450	1039.23	1500	1125.83	301
1450	1212.44	1500	1299.04	302
1450	1385.64	1500	1472.24	303
1450	1558.85	1500	1645.45	304
1450	1732.05	1500	1818.65	305
1500	86.6025	1600	86.6025	306
1500	259.808	1600	259.808	307
1500	433.01300000000003	1600	433.01300000000003	308
1500	606.2180000000001	1600	606.2180000000001	309
1500	779.423	1600	779.423	310
1500	952.628	1600	952.628	311
1500	1125.83	1600	1125.83	312
1500	1299.04	1600	1299.04	313
1500	1472.24	1600	1472.24	314
1500	1645.45	1600	1645.45	315
1500	1818.65	1600	1818.65	316
1600	86.6025	1650	173.205	317
1600	259.808	1650	346.41	318
1600	433.01300000000003	1650	519.615	319
1600	606.2180000000001	1650	692.82	320
1600	779.423	1650	866.025	321
1600	952.628	1650	1039.23	322
1600	1125.83	1650	1212.44	323
1600	1299.04	1650	1385.64	324
1600	1472.24	1650	1558.85	325
1600	1645.45	1650	1732.05	326
1600	259.808	1650	173.205	327
1600	433.01300000000003	1650	346.41	328
1600	606.2180000000001	1650	519.615	329
1600	779.423	1650	692.82	330
1600	952.628	1650	866.025	331
1600	1125.83	1650	1039.23	332
1600	1299.04	1650	1212.44	333
1600	1472.24	1650	1385.64	334
1600	1645.45	1650	1558.85	335
1600	1818.65	1650	1732.05	336
1650	173.205	1750	173.205	337
1650	346.41	1750	346.41	338
1650	519.615	1750	519.615	339
1650	692.82	1750	692.82	340
1650	866.025	1750	866.025	341
1650	1039.23	1750	1039.23	342
1650	1212.44	1750	1212.44	343
1650	1385.64	1750	1385.64	344
1650	1558.85	1750	1558.85	345
1650	1732.05	1750	1732.05	346
1750	173.205	1800	86.6025	347
1750	346.41	1800	259.808	348
1750	519.615	1800	433.01300000000003	349
1750	692.82	1800	606.2180000000001	350
1750	866.025	1800	779.423	351
1750	1039.23	1800	952.628	352
1750	1212.44	1800	1125.83	353
1750	1385.64	1800	1299.04	354
1750	1558.85	1800	1472.24	355
1750	1732.05	1800	1645.45	356
1750	173.205	1800	259.808	357
1750	346.41	1800	433.01300000000003	358
1750	519.615	1800	606.2180000000001	359
1750	692.82	1800	779.423	360
1750	866.025	1800	952.628	361
1750	1039.23	1800	1125.83	362
1750	1212.44	1800	1299.04	363
1750	1385.64	1800	1472.24	364
1750	1558.85	1800	1645.45	365
1750	1732.05	1800	1818.65	366
1800	86.6025	1900	86.6025	367
1800	259.808	1900	259.808	368
1800	433.01300000000003	1900	433.01300000000003	369
1800	606.2180000000001	1900	606.2180000000001	370
1800	779.423	1900	779.423	371
1800	952.628	1900	952.628	372
1800	1125.83	1900	1125.83	373
1800	1299.04	1900	1299.04	374
1800	1472.24	1900	1472.24	375
1800	1645.45	1900	1645.45	376
1800	1818.65	1900	1818.65	377
1900	86.6025	1950	173.205	378
1900	259.808	1950	346.41	379
1900	433.01300000000003	1950	519.615	380
1900	606.2180000000001	1950	692.82	381
1900	779.423	1950	866.025	382
1900	952.628	1950	1039.23	383
1900	1125.83	1950	1212.44	384
1900	1299.04	1950	1385.64	385
1900	1472.24	1950	1558.85	386
1900	1645.45	1950	1732.05	387
1900	259.808	1950	173.205	388
1900	433.01300000000003	1950	346.41	389
1900	606.2180000000001	1950	519.615	390
1900	779.423	1950	692.82	391
1900	952.628	1950	866.025	392
1900	1125.83	1950	1039.23	393
1900	1299.04	1950	1212.44	394
1900	1472.24	1950	1385.64	395
1900	1645.45	1950	1558.85	396
1900	1818.65	1950	1732.05	397
1950	173.205	2050	173.205	398
1950	346.41	2050	346.41	399
1950	519.615	2050	519.615	400
1950	692.82	2050	692.82	401
1950	866.025	2050	866.025	402
1950	1039.23	2050	1039.23	403
1950	1212.44	2050	1212.44	404
1950	1385.64	2050	1385.64	405
1950	1558.85	2050	1558.85	406
1950	1732.05	2050	1732.05	407
