-50	86.6025	50	86.6025	1	
-50	259.808	50	259.808	2	
-50	433.013	50	433.013	3	
-50	606.218	50	606.218	4	
-50	779.423	50	779.423	5	
-50	952.628	50	952.628	6	
-50	1125.83	50	1125.83	7	
-50	1299.04	50	1299.04	8	
-50	1472.24	50	1472.24	9	
-50	1645.45	50	1645.45	10	
-50	1818.65	50	1818.65	11	
50	86.6025	100	173.205	12	
50	259.808	100	346.41	13	
50	433.013	100	519.615	14	
50	606.218	100	692.82	15	
50	779.423	100	866.025	16	
50	952.628	100	1039.23	17	
50	1125.83	100	1212.44	18	
50	1299.04	100	1385.64	19	
50	1472.24	100	1558.85	20	
50	1645.45	100	1732.05	21	
50	259.808	100	173.205	22	
50	433.013	100	346.41	23	
50	606.218	100	519.615	24	
50	779.423	100	692.82	25	
50	952.628	100	866.025	26	
50	1125.83	100	1039.23	27	
50	1299.04	100	1212.44	28	
50	1472.24	100	1385.64	29	
50	1645.45	100	1558.85	30	
50	1818.65	100	1732.05	31	
100	173.205	200	173.205	32	
100	346.41	200	346.41	33	
100	519.615	200	519.615	34	
100	692.82	200	692.82	35	
100	866.025	200	866.025	36	
100	1039.23	200	1039.23	37	
100	1212.44	200	1212.44	38	
100	1385.64	200	1385.64	39	
100	1558.85	200	1558.85	40	
100	1732.05	200	1732.05	41	
200	173.205	250	86.6025	42	
200	346.41	250	259.808	43	
200	519.615	250	433.013	44	
200	692.82	250	606.218	45	
200	866.025	250	779.423	46	
200	1039.23	250	952.628	47	
200	1212.44	250	1125.83	48	
200	1385.64	250	1299.04	49	
200	1558.85	250	1472.24	50	
200	1732.05	250	1645.45	51	
200	173.205	250	259.808	52	
200	346.41	250	433.013	53	
200	519.615	250	606.218	54	
200	692.82	250	779.423	55	
200	866.025	250	952.628	56	
200	1039.23	250	1125.83	57	
200	1212.44	250	1299.04	58	
200	1385.64	250	1472.24	59	
200	1558.85	250	1645.45	60	
200	1732.05	250	1818.65	61	
250	86.6025	350	86.6025	62	
250	259.808	350	259.808	63	
250	433.013	350	433.013	64	
250	606.218	350	606.218	65	
250	779.423	350	779.423	66	
250	952.628	350	952.628	67	
250	1125.83	350	1125.83	68	
250	1299.04	350	1299.04	69	
250	1472.24	350	1472.24	70	
250	1645.45	350	1645.45	71	
250	1818.65	350	1818.65	72	
350	86.6025	400	173.205	73	
350	259.808	400	346.41	74	
350	433.013	400	519.615	75	
350	606.218	400	692.82	76	
350	779.423	400	866.025	77	
350	952.628	400	1039.23	78	
350	1125.83	400	1212.44	79	
350	1299.04	400	1385.64	80	
350	1472.24	400	1558.85	81	
350	1645.45	400	1732.05	82	
350	259.808	400	173.205	83	
350	433.013	400	346.41	84	
350	606.218	400	519.615	85	
350	779.423	400	692.82	86	
350	952.628	400	866.025	87	
350	1125.83	400	1039.23	88	
350	1299.04	400	1212.44	89	
350	1472.24	400	1385.64	90	
350	1645.45	400	1558.85	91	
350	1818.65	400	1732.05	92	
400	173.205	500	173.205	93	
400	346.41	500	346.41	94	
400	519.615	500	519.615	95	
400	692.82	500	692.82	96	
400	866.025	500	866.025	97	
400	1039.23	500	1039.23	98	
400	1212.44	500	1212.44	99	
400	1385.64	500	1385.64	100	
400	1558.85	500	1558.85	101	
400	1732.05	500	1732.05	102	
500	173.205	550	86.6025	103	
500	346.41	550	259.808	104	
500	519.615	550	433.013	105	
500	692.82	550	606.218	106	
500	866.025	550	779.423	107	
500	1039.23	550	952.628	108	
500	1212.44	550	1125.83	109	
500	1385.64	550	1299.04	110	
500	1558.85	550	1472.24	111	
500	1732.05	550	1645.45	112	
500	173.205	550	259.808	113	
500	346.41	550	433.013	114	
500	519.615	550	606.218	115	
500	692.82	550	779.423	116	
500	866.025	550	952.628	117	
500	1039.23	550	1125.83	118	
500	1212.44	550	1299.04	119	
500	1385.64	550	1472.24	120	
500	1558.85	550	1645.45	121	
500	1732.05	550	1818.65	122	
550	86.6025	650	86.6025	123	
550	259.808	650	259.808	124	
550	433.013	650	433.013	125	
550	606.218	650	606.218	126	
550	779.423	650	779.423	127	
550	952.628	650	952.628	128	
550	1125.83	650	1125.83	129	
550	1299.04	650	1299.04	130	
550	1472.24	650	1472.24	131	
550	1645.45	650	1645.45	132	
550	1818.65	650	1818.65	133	
650	86.6025	700	173.205	134	
650	259.808	700	346.41	135	
650	433.013	700	519.615	136	
650	606.218	700	692.82	137	
650	779.423	700	866.025	138	
650	952.628	700	1039.23	139	
650	1125.83	700	1212.44	140	
650	1299.04	700	1385.64	141	
650	1472.24	700	1558.85	142	
650	1645.45	700	1732.05	143	
650	259.808	700	173.205	144	
650	433.013	700	346.41	145	
650	606.218	700	519.615	146	
650	779.423	700	692.82	147	
650	952.628	700	866.025	148	
650	1125.83	700	1039.23	149	
650	1299.04	700	1212.44	150	
650	1472.24	700	1385.64	151	
650	1645.45	700	1558.85	152	
650	1818.65	700	1732.05	153	
700	173.205	800	173.205	154	
700	346.41	800	346.41	155	
700	519.615	800	519.615	156	
700	692.82	800	692.82	157	
700	866.025	800	866.025	158	
700	1039.23	800	1039.23	159	
700	1212.44	800	1212.44	160	
700	1385.64	800	1385.64	161	
700	1558.85	800	1558.85	162	
700	1732.05	800	1732.05	163	
800	173.205	850	86.6025	164	
800	346.41	850	259.808	165	
800	519.615	850	433.013	166	
800	692.82	850	606.218	167	
800	866.025	850	779.423	168	
800	1039.23	850	952.628	169	
800	1212.44	850	1125.83	170	
800	1385.64	850	1299.04	171	
800	1558.85	850	1472.24	172	
800	1732.05	850	1645.45	173	
800	173.205	850	259.808	174	
800	346.41	850	433.013	175	
800	519.615	850	606.218	176	
800	692.82	850	779.423	177	
800	866.025	850	952.628	178	
800	1039.23	850	1125.83	179	
800	1212.44	850	1299.04	180	
800	1385.64	850	1472.24	181	
800	1558.85	850	1645.45	182	
800	1732.05	850	1818.65	183	
850	86.6025	950	86.6025	184	
850	259.808	950	259.808	185	
850	433.013	950	433.013	186	
850	606.218	950	606.218	187	
850	779.423	950	779.423	188	
850	952.628	950	952.628	189	
850	1125.83	950	1125.83	190	
850	1299.04	950	1299.04	191	
850	1472.24	950	1472.24	192	
850	1645.45	950	1645.45	193	
850	1818.65	950	1818.65	194	
950	86.6025	1000	173.205	195	
950	259.808	1000	346.41	196	
950	433.013	1000	519.615	197	
950	606.218	1000	692.82	198	
950	779.423	1000	866.025	199	
950	952.628	1000	1039.23	200	
950	1125.83	1000	1212.44	201	
950	1299.04	1000	1385.64	202	
950	1472.24	1000	1558.85	203	
950	1645.45	1000	1732.05	204	
950	259.808	1000	173.205	205	
950	433.013	1000	346.41	206	
950	606.218	1000	519.615	207	
950	779.423	1000	692.82	208	
950	952.628	1000	866.025	209	
950	1125.83	1000	1039.23	210	
950	1299.04	1000	1212.44	211	
950	1472.24	1000	1385.64	212	
950	1645.45	1000	1558.85	213	
950	1818.65	1000	1732.05	214	
1000	173.205	1100	173.205	215	
1000	346.41	1100	346.41	216	
1000	519.615	1100	519.615	217	
1000	692.82	1100	692.82	218	
1000	866.025	1100	866.025	219	
1000	1039.23	1100	1039.23	220	
1000	1212.44	1100	1212.44	221	
1000	1385.64	1100	1385.64	222	
1000	1558.85	1100	1558.85	223	
1000	1732.05	1100	1732.05	224	
1100	173.205	1150	86.6025	225	
1100	346.41	1150	259.808	226	
1100	519.615	1150	433.013	227	
1100	692.82	1150	606.218	228	
1100	866.025	1150	779.423	229	
1100	1039.23	1150	952.628	230	
1100	1212.44	1150	1125.83	231	
1100	1385.64	1150	1299.04	232	
1100	1558.85	1150	1472.24	233	
1100	1732.05	1150	1645.45	234	
1100	173.205	1150	259.808	235	
1100	346.41	1150	433.013	236	
1100	519.615	1150	606.218	237	
1100	692.82	1150	779.423	238	
1100	866.025	1150	952.628	239	
1100	1039.23	1150	1125.83	240	
1100	1212.44	1150	1299.04	241	
1100	1385.64	1150	1472.24	242	
1100	1558.85	1150	1645.45	243	
1100	1732.05	1150	1818.65	244	
1150	86.6025	1250	86.6025	245	
1150	259.808	1250	259.808	246	
1150	433.013	1250	433.013	247	
1150	606.218	1250	606.218	248	
1150	779.423	1250	779.423	249	
1150	952.628	1250	952.628	250	
1150	1125.83	1250	1125.83	251	
1150	1299.04	1250	1299.04	252	
1150	1472.24	1250	1472.24	253	
1150	1645.45	1250	1645.45	254	
1150	1818.65	1250	1818.65	255	
1250	86.6025	1300	173.205	256	
1250	259.808	1300	346.41	257	
1250	433.013	1300	519.615	258	
1250	606.218	1300	692.82	259	
1250	779.423	1300	866.025	260	
1250	952.628	1300	1039.23	261	
1250	1125.83	1300	1212.44	262	
1250	1299.04	1300	1385.64	263	
1250	1472.24	1300	1558.85	264	
1250	1645.45	1300	1732.05	265	
1250	259.808	1300	173.205	266	
1250	433.013	1300	346.41	267	
1250	606.218	1300	519.615	268	
1250	779.423	1300	692.82	269	
1250	952.628	1300	866.025	270	
1250	1125.83	1300	1039.23	271	
1250	1299.04	1300	1212.44	272	
1250	1472.24	1300	1385.64	273	
1250	1645.45	1300	1558.85	274	
1250	1818.65	1300	1732.05	275	
1300	173.205	1400	173.205	276	
1300	346.41	1400	346.41	277	
1300	519.615	1400	519.615	278	
1300	692.82	1400	692.82	279	
1300	866.025	1400	866.025	280	
1300	1039.23	1400	1039.23	281	
1300	1212.44	1400	1212.44	282	
1300	1385.64	1400	1385.64	283	
1300	1558.85	1400	1558.85	284	
1300	1732.05	1400	1732.05	285	
1400	173.205	1450	86.6025	286	
1400	346.41	1450	259.808	287	
1400	519.615	1450	433.013	288	
1400	692.82	1450	606.218	289	
1400	866.025	1450	779.423	290	
1400	1039.23	1450	952.628	291	
1400	1212.44	1450	1125.83	292	
1400	1385.64	1450	1299.04	293	
1400	1558.85	1450	1472.24	294	
1400	1732.05	1450	1645.45	295	
1400	173.205	1450	259.808	296	
1400	346.41	1450	433.013	297	
1400	519.615	1450	606.218	298	
1400	692.82	1450	779.423	299	
1400	866.025	1450	952.628	300	
1400	1039.23	1450	1125.83	301	
1400	1212.44	1450	1299.04	302	
1400	1385.64	1450	1472.24	303	
1400	1558.85	1450	1645.45	304	
1400	1732.05	1450	1818.65	305	
1450	86.6025	1550	86.6025	306	
1450	259.808	1550	259.808	307	
1450	433.013	1550	433.013	308	
1450	606.218	1550	606.218	309	
1450	779.423	1550	779.423	310	
1450	952.628	1550	952.628	311	
1450	1125.83	1550	1125.83	312	
1450	1299.04	1550	1299.04	313	
1450	1472.24	1550	1472.24	314	
1450	1645.45	1550	1645.45	315	
1450	1818.65	1550	1818.65	316	
1550	86.6025	1600	173.205	317	
1550	259.808	1600	346.41	318	
1550	433.013	1600	519.615	319	
1550	606.218	1600	692.82	320	
1550	779.423	1600	866.025	321	
1550	952.628	1600	1039.23	322	
1550	1125.83	1600	1212.44	323	
1550	1299.04	1600	1385.64	324	
1550	1472.24	1600	1558.85	325	
1550	1645.45	1600	1732.05	326	
1550	259.808	1600	173.205	327	
1550	433.013	1600	346.41	328	
1550	606.218	1600	519.615	329	
1550	779.423	1600	692.82	330	
1550	952.628	1600	866.025	331	
1550	1125.83	1600	1039.23	332	
1550	1299.04	1600	1212.44	333	
1550	1472.24	1600	1385.64	334	
1550	1645.45	1600	1558.85	335	
1550	1818.65	1600	1732.05	336	
1600	173.205	1700	173.205	337	
1600	346.41	1700	346.41	338	
1600	519.615	1700	519.615	339	
1600	692.82	1700	692.82	340	
1600	866.025	1700	866.025	341	
1600	1039.23	1700	1039.23	342	
1600	1212.44	1700	1212.44	343	
1600	1385.64	1700	1385.64	344	
1600	1558.85	1700	1558.85	345	
1600	1732.05	1700	1732.05	346	
1700	173.205	1750	86.6025	347	
1700	346.41	1750	259.808	348	
1700	519.615	1750	433.013	349	
1700	692.82	1750	606.218	350	
1700	866.025	1750	779.423	351	
1700	1039.23	1750	952.628	352	
1700	1212.44	1750	1125.83	353	
1700	1385.64	1750	1299.04	354	
1700	1558.85	1750	1472.24	355	
1700	1732.05	1750	1645.45	356	
1700	173.205	1750	259.808	357	
1700	346.41	1750	433.013	358	
1700	519.615	1750	606.218	359	
1700	692.82	1750	779.423	360	
1700	866.025	1750	952.628	361	
1700	1039.23	1750	1125.83	362	
1700	1212.44	1750	1299.04	363	
1700	1385.64	1750	1472.24	364	
1700	1558.85	1750	1645.45	365	
1700	1732.05	1750	1818.65	366	
1750	86.6025	1850	86.6025	367	
1750	259.808	1850	259.808	368	
1750	433.013	1850	433.013	369	
1750	606.218	1850	606.218	370	
1750	779.423	1850	779.423	371	
1750	952.628	1850	952.628	372	
1750	1125.83	1850	1125.83	373	
1750	1299.04	1850	1299.04	374	
1750	1472.24	1850	1472.24	375	
1750	1645.45	1850	1645.45	376	
1750	1818.65	1850	1818.65	377	
1850	86.6025	1900	173.205	378	
1850	259.808	1900	346.41	379	
1850	433.013	1900	519.615	380	
1850	606.218	1900	692.82	381	
1850	779.423	1900	866.025	382	
1850	952.628	1900	1039.23	383	
1850	1125.83	1900	1212.44	384	
1850	1299.04	1900	1385.64	385	
1850	1472.24	1900	1558.85	386	
1850	1645.45	1900	1732.05	387	
1850	259.808	1900	173.205	388	
1850	433.013	1900	346.41	389	
1850	606.218	1900	519.615	390	
1850	779.423	1900	692.82	391	
1850	952.628	1900	866.025	392	
1850	1125.83	1900	1039.23	393	
1850	1299.04	1900	1212.44	394	
1850	1472.24	1900	1385.64	395	
1850	1645.45	1900	1558.85	396	
1850	1818.65	1900	1732.05	397	
1900	173.205	2000	173.205	398	
1900	346.41	2000	346.41	399	
1900	519.615	2000	519.615	400	
1900	692.82	2000	692.82	401	
1900	866.025	2000	866.025	402	
1900	1039.23	2000	1039.23	403	
1900	1212.44	2000	1212.44	404	
1900	1385.64	2000	1385.64	405	
1900	1558.85	2000	1558.85	406	
1900	1732.05	2000	1732.05	407	
